fband	year
88004570	2019
88004570	2019
88004570	2019
88004749	2019
88004754	2019
88004754	2019
88004754	2019
156181153	2019
156181153	2019
156181153	2019
212110278	2019
212110281	2019
212110285	2019
212110288	2019
212110294	2019
212110294	2019
212110294	2019
232146942	2019
232146953	2019
235120680	2019
235120680	2019
240134898	2019
262125490	2019
263114113	2019
263114113	2019
272106655	2019
272106655	2019
272106661	2019
272106697	2019
272106697	2019
272106708	2019
272106711	2019
272106728	2019
272106728	2019
272106728	2019
272106817	2019
272106817	2019
272106822	2019
272106822	2019
272106822	2019
272106905	2019
272106905	2019
272106913	2019
272106913	2019
272106913	2019
272107018	2019
272107018	2019
272107161	2019
272107161	2019
272107217	2019
272107217	2019
272107217	2019
272107284	2019
272107284	2019
272107290	2019
272107290	2019
272107361	2019
272107361	2019
272107361	2019
272107436	2019
272107450	2019
272107450	2019
272107599	2019
272107599	2019
272107698	2019
272107698	2019
272107698	2019
272107699	2019
272107739	2019
272107739	2019
272107739	2019
272107748	2019
272107748	2019
272107748	2019
272107750	2019
272107786	2019
272107786	2019
272107786	2019
272107790	2019
272107803	2019
272107803	2019
272107805	2019
272107805	2019
272107805	2019
272107809	2019
272107809	2019
272107809	2019
272107842	2019
272107855	2019
272107855	2019
272107855	2019
278171869	2019
278171870	2019
278171870	2019
278171870	2019
278171871	2019
278171871	2019
278171871	2019
278171872	2019
278171872	2019
278171872	2019
278171873	2019
278171873	2019
278171873	2019
278171875	2019
278171875	2019
278171875	2019
278171876	2019
278171876	2019
278171877	2019
278171877	2019
278171877	2019
278171896	2019
278171896	2019
278171896	2019
278172094	2019
278172095	2019
278172096	2019
278172097	2019
278172100	2019
278172145	2019
278172145	2019
278172145	2019
278172146	2019
278172146	2019
278172147	2019
278172147	2019
278172147	2019
278172148	2019
278172149	2019
278172149	2019
278172149	2019
278172150	2019
278172150	2019
278172150	2019
278172151	2019
278172151	2019
278172151	2019
278172152	2019
278172152	2019
278172152	2019
278172153	2019
278172153	2019
278172153	2019
278172154	2019
278172154	2019
278172154	2019
278172155	2019
278172155	2019
278172155	2019
278172156	2019
278172157	2019
278172157	2019
278172158	2019
278172158	2019
278172158	2019
278172159	2019
278172160	2019
278172160	2019
278172160	2019
278172162	2019
278172162	2019
278172162	2019
278172163	2019
278172163	2019
278172163	2019
278172224	2019
278172224	2019
278172224	2019
278172225	2019
278172227	2019
278172228	2019
278172229	2019
278172230	2019
278172231	2019
278172231	2019
278172232	2019
278172232	2019
278172233	2019
278172233	2019
278172233	2019
278172234	2019
278172235	2019
278172235	2019
278172235	2019
278172401	2019
278172401	2019
278172402	2019
278172402	2019
278172403	2019
278172403	2019
278172404	2019
278172404	2019
278172405	2019
278172405	2019
278172406	2019
278172406	2019
278172407	2019
278172407	2019
278172408	2019
278172408	2019
278172409	2019
278172410	2019
278172410	2019
278172411	2019
278172411	2019
278172412	2019
278172412	2019
278172413	2019
278172413	2019
278172419	2019
281128401	2019
281128402	2019
281128402	2019
281128402	2019
281128403	2019
281128403	2019
281128403	2019
281128404	2019
281128404	2019
281128405	2019
281128601	2019
281128601	2019
281128601	2019
281128602	2019
281128602	2019
281128602	2019
281128603	2019
281128603	2019
281128603	2019
281128604	2019
281128604	2019
281128654	2019
281128701	2019
281128701	2019
281128701	2019
281128702	2019
281128702	2019
281128703	2019
281128704	2019
281128704	2019
281128704	2019
281128705	2019
281128706	2019
281128707	2019
88004749	2020
88004754	2020
88004754	2020
156181153	2020
212110278	2020
212110288	2020
232146953	2020
235120646	2020
235120646	2020
240150375	2020
240150376	2020
240150377	2020
240150377	2020
240150378	2020
240150379	2020
240150379	2020
240150380	2020
240150381	2020
240150381	2020
240150381	2020
240150382	2020
240150382	2020
240150383	2020
240150383	2020
240150384	2020
240150385	2020
240150386	2020
240150387	2020
240150388	2020
240150388	2020
240150389	2020
240150391	2020
240150391	2020
240150392	2020
240150393	2020
240150393	2020
240150394	2020
240150396	2020
240150396	2020
240150397	2020
240150397	2020
240150399	2020
272107217	2020
272107217	2020
272107361	2020
272107361	2020
272107378	2020
272107748	2020
272107748	2020
272107790	2020
272107805	2020
272107805	2020
278171872	2020
278171872	2020
278171875	2020
278171875	2020
278171877	2020
278171877	2020
278172095	2020
278172096	2020
278172145	2020
278172145	2020
278172147	2020
278172147	2020
278172150	2020
278172151	2020
278172154	2020
278172154	2020
278172156	2020
278172156	2020
278172163	2020
278172163	2020
278172231	2020
278172313	2020
278172313	2020
278172408	2020
278172408	2020
278172411	2020
278172469	2020
278172469	2020
281128402	2020
281128402	2020
281128404	2020
281128404	2020
281128450	2020
281128450	2020
281128451	2020
281128451	2020
281128548	2020
281128548	2020
281128548	2020
281128549	2020
281128549	2020
281128550	2020
281128550	2020
281128551	2020
281128551	2020
281128552	2020
281128552	2020
281128553	2020
281128553	2020
281128554	2020
281128555	2020
281128555	2020
281128556	2020
281128556	2020
281128557	2020
281128558	2020
281128558	2020
281128559	2020
281128559	2020
281128560	2020
281128560	2020
281128561	2020
281128561	2020
281128562	2020
281128562	2020
281128564	2020
281128564	2020
281128598	2020
281128598	2020
281128602	2020
281128602	2020
281128627	2020
281128645	2020
281128701	2020
281128703	2020
281128704	2020
281128705	2020
281128737	2020
281128805	2020
281128816	2020
281128816	2020
281174201	2020
281174201	2020
281174202	2020
281174202	2020
281174203	2020
281174203	2020
281174204	2020
281174204	2020
281174205	2020
281174205	2020
281174206	2020
281174206	2020
281174207	2020
281174208	2020
281174208	2020
281174209	2020
281174209	2020
281174210	2020
281174211	2020
281174211	2020
281174212	2020
281174212	2020
281174213	2020
281174213	2020
281174214	2020
281174215	2020
281174215	2020
281174216	2020
281174216	2020
281174330	2020
281174331	2020
281174340	2020
281174501	2020
281174501	2020
281174502	2020
281174502	2020
281174503	2020
281174503	2020
281174504	2020
281174504	2020
281174505	2020
281174506	2020
281174506	2020
281174507	2020
281174507	2020
281174508	2020
281174508	2020
281174509	2020
281174509	2020
281174510	2020
281174510	2020
281174511	2020
281174511	2020
281174512	2020
281174513	2020
281174513	2020
281174514	2020
281174514	2020
281174515	2020
281174516	2020
281174517	2020
281174517	2020
281174518	2020
281174518	2020
281174525	2020
281174525	2020
281174701	2020
281174701	2020
281174901	2020
281174901	2020
281174902	2020
281174902	2020
281174903	2020
281174904	2020
281174904	2020
281174905	2020
281174906	2020
281174908	2020
88004749	2021
212110288	2021
232146953	2021
235120646	2021
240150375	2021
240150375	2021
240150378	2021
240150379	2021
240150379	2021
240150380	2021
240150380	2021
240150383	2021
240150383	2021
240150385	2021
240150392	2021
240150394	2021
240150396	2021
240150396	2021
240150397	2021
240150397	2021
272107217	2021
272107217	2021
272107361	2021
272107361	2021
272107379	2021
272107748	2021
272107790	2021
272108162	2021
272108246	2021
272108247	2021
272108248	2021
272108249	2021
272108249	2021
272108250	2021
272108250	2021
272108251	2021
272108251	2021
272108252	2021
272108253	2021
272108311	2021
272108315	2021
272108341	2021
272108341	2021
272108357	2021
272108365	2021
272108365	2021
272108366	2021
272108367	2021
272108367	2021
272108368	2021
272108395	2021
272108395	2021
278171875	2021
278171875	2021
278171877	2021
278171877	2021
278172095	2021
278172096	2021
278172145	2021
278172145	2021
278172147	2021
278172147	2021
278172151	2021
278172154	2021
278172163	2021
278172231	2021
278172231	2021
278172411	2021
278172563	2021
281107748	2021
281128450	2021
281128450	2021
281128452	2021
281128452	2021
281128453	2021
281128453	2021
281128454	2021
281128454	2021
281128455	2021
281128455	2021
281128456	2021
281128457	2021
281128458	2021
281128458	2021
281128459	2021
281128459	2021
281128460	2021
281128461	2021
281128462	2021
281128463	2021
281128464	2021
281128465	2021
281128465	2021
281128466	2021
281128467	2021
281128467	2021
281128468	2021
281128469	2021
281128469	2021
281128470	2021
281128471	2021
281128472	2021
281128473	2021
281128474	2021
281128474	2021
281128479	2021
281128549	2021
281128549	2021
281128550	2021
281128550	2021
281128553	2021
281128553	2021
281128555	2021
281128555	2021
281128557	2021
281128558	2021
281128558	2021
281128559	2021
281128559	2021
281128559	2021
281128562	2021
281128562	2021
281128598	2021
281128602	2021
281128602	2021
281128703	2021
281128704	2021
281128705	2021
281128805	2021
281128805	2021
281128816	2021
281128816	2021
281172150	2021
281174001	2021
281174001	2021
281174002	2021
281174002	2021
281174003	2021
281174003	2021
281174004	2021
281174004	2021
281174005	2021
281174005	2021
281174006	2021
281174007	2021
281174007	2021
281174008	2021
281174008	2021
281174009	2021
281174009	2021
281174010	2021
281174011	2021
281174011	2021
281174012	2021
281174013	2021
281174014	2021
281174116	2021
281174116	2021
281174122	2021
281174122	2021
281174128	2021
281174134	2021
281174135	2021
281174157	2021
281174157	2021
281174188	2021
281174188	2021
281174202	2021
281174202	2021
281174206	2021
281174206	2021
281174208	2021
281174209	2021
281174211	2021
281174212	2021
281174215	2021
281174216	2021
281174306	2021
281174306	2021
281174343	2021
281174343	2021
281174391	2021
281174392	2021
281174405	2021
281174413	2021
281174413	2021
281174416	2021
281174416	2021
281174417	2021
281174417	2021
281174442	2021
281174455	2021
281174455	2021
281174501	2021
281174501	2021
281174502	2021
281174503	2021
281174503	2021
281174504	2021
281174506	2021
281174506	2021
281174508	2021
281174508	2021
281174509	2021
281174509	2021
281174510	2021
281174510	2021
281174511	2021
281174511	2021
281174513	2021
281174513	2021
281174518	2021
281174518	2021
281174525	2021
281174525	2021
281174527	2021
281174601	2021
281174601	2021
281174602	2021
281174603	2021
281174604	2021
281174605	2021
281174606	2021
281174607	2021
281174608	2021
281174609	2021
281174610	2021
281174611	2021
281174668	2021
281174669	2021
281174697	2021
281174698	2021
281174699	2021
281174699	2021
281174700	2021
281174712	2021
281174713	2021
281174714	2021
281174715	2021
281174716	2021
281174717	2021
281174718	2021
281174719	2021
281174734	2021
281174801	2021
281174802	2021
281174802	2021
281174803	2021
281174803	2021
281174804	2021
281174805	2021
281174806	2021
281174807	2021
281174808	2021
281174861	2021
281174902	2021
281174902	2021
281174904	2021
281174907	2021
281174920	2021
281174920	2021
281174987	2021
281174988	2021
281174989	2021
281174990	2021
281174991	2021
281174992	2021
281174993	2021
281174993	2021
281174994	2021
281174995	2021
281174996	2021
281174997	2021
281178583	2021
288134982	2021
288135025	2021
288135042	2021
288174208	2021